1 816 833
2 972 990
3 592 609
4 261 281
5 774 790
6 217 228
7 347 366
8 755 766
9 18 31
10 338 351
11 407 421
12 50 61
13 332 349
14 638 652
15 383 395
16 499 510
17 865 878
18 378 396
19 943 955
20 382 397
21 343 360
22 186 204
23 82 101
24 7 19
25 785 802
26 964 981
27 738 750
28 903 922
29 923 940
30 678 695
31 565 581
32 180 200
33 587 605
34 894 911
35 772 786
36 539 553
37 662 682
38 858 877
39 617 627
40 862 879
41 863 878
42 272 287
43 366 376
44 111 126
45 725 743
46 265 284
47 475 487
48 548 563
49 922 938
50 46 65
51 371 385
52 23 33
53 30 40
54 25 37
55 665 681
56 620 631
57 717 734
58 241 254
59 716 730
60 624 640
61 927 941
62 486 503
63 179 198
64 504 522
65 2 12
66 936 948
67 667 678
68 637 655
69 773 790
70 114 129
71 349 365
72 723 735
73 297 312
74 11 30
75 656 672
76 488 501
77 711 721
78 575 585
79 524 543
80 559 569
81 805 820
82 743 758
83 361 375
84 395 405
85 974 984
86 734 753
87 965 982
88 435 454
89 506 524
90 593 612
91 187 207
92 239 254
93 23 37
94 81 92
95 738 748
96 369 386
97 739 749
98 983 998
99 936 949
100 222 242
