1 680 702
2 1835 1889
3 880 923
4 2517 2577
5 1326 1336
6 2485 2530
7 362 409
8 648 673
9 1370 1420
10 1181 1202
11 2546 2595
12 1203 1233
13 2973 3000
14 2886 2921
15 977 992
16 2155 2170
17 248 281
18 2263 2298
19 2745 2791
20 137 174
21 247 287
22 2668 2716
23 324 344
24 2150 2187
25 432 466
26 199 252
27 1725 1761
28 2868 2891
29 1278 1324
30 1443 1476
31 2345 2358
32 2587 2616
33 2681 2722
34 2000 2020
35 633 680
36 2497 2548
37 1625 1646
38 2266 2285
39 1710 1747
40 85 123
41 1592 1602
42 2251 2264
43 1786 1837
44 1093 1147
45 798 845
46 857 901
47 2604 2623
48 2706 2757
49 55 111
50 304 362
51 1635 1659
52 1181 1215
53 1575 1597
54 689 729
55 1412 1462
56 19 31
57 1765 1814
58 1716 1733
59 2596 2608
60 2663 2718
61 284 298
62 2975 3000
63 1336 1356
64 1830 1862
65 1670 1710
66 709 754
67 70 95
68 1660 1696
69 2783 2801
70 108 134
71 2797 2829
72 348 400
73 1738 1756
74 2732 2759
75 1678 1733
76 27 60
77 2259 2303
78 2472 2513
79 2222 2251
80 1912 1937
81 557 615
82 1753 1803
83 643 669
84 729 773
85 1962 1988
86 1553 1575
87 1214 1230
88 2919 2961
89 1517 1531
90 2251 2290
91 565 590
92 1595 1620
93 636 675
94 1516 1563
95 1795 1855
96 1209 1263
97 396 408
98 2288 2309
99 2568 2596
100 2764 2778
101 2147 2205
102 2063 2117
103 925 965
104 29 61
105 2634 2670
106 342 375
107 535 572
108 424 465
109 639 688
110 2752 2764
111 1351 1403
112 2304 2354
113 364 376
114 139 195
115 1599 1655
116 2008 2055
117 0 16
118 1595 1621
119 1358 1407
120 1675 1699
121 874 892
122 2028 2038
123 2536 2589
124 739 778
125 1670 1691
126 2265 2295
127 412 443
128 1300 1346
129 750 766
130 1867 1919
131 579 631
132 2462 2503
133 1288 1324
134 475 504
135 86 103
136 1660 1674
137 869 879
138 527 584
139 1922 1959
140 2539 2580
141 789 821
142 1279 1318
143 163 217
144 2806 2852
145 1403 1437
146 1353 1367
147 2898 2932
148 254 291
149 799 812
150 2554 2602
151 2163 2216
152 2094 2114
153 2575 2622
154 1547 1588
155 941 977
156 2775 2789
157 2926 2959
158 28 88
159 2511 2528
160 1363 1384
161 2420 2440
162 1788 1800
163 438 485
164 505 562
165 2258 2310
166 1973 1992
167 1373 1396
168 2409 2456
169 1123 1181
170 2505 2534
171 1952 1970
172 688 712
173 179 238
174 554 582
175 2820 2839
176 200 255
177 409 459
178 303 355
179 742 774
180 1690 1723
181 1995 2041
182 1850 1904
183 1140 1150
184 585 629
185 1293 1337
186 356 384
187 1696 1732
188 1952 1999
189 2626 2664
190 698 740
191 877 897
192 1851 1883
193 2766 2800
194 276 320
195 467 483
196 720 766
197 119 140
198 1502 1550
199 752 794
200 229 250
201 105 147
202 676 706
203 1193 1253
204 2536 2564
205 1489 1523
206 483 540
207 1372 1405
208 1648 1699
209 2404 2441
210 2996 3000
211 1076 1105
212 1687 1731
213 349 405
214 2440 2454
215 2624 2653
216 2387 2434
217 874 914
218 747 807
219 1301 1353
220 227 268
221 1230 1270
222 809 857
223 2307 2362
224 931 955
225 1225 1253
226 2999 3000
227 2568 2611
228 1680 1713
229 1149 1178
230 591 614
231 409 461
232 32 56
233 1759 1792
234 1561 1602
235 902 959
236 844 872
237 2918 2934
238 2169 2185
239 1710 1765
240 2724 2784
241 2369 2395
242 162 178
243 2842 2889
244 2279 2330
245 1615 1642
246 1086 1127
247 2786 2813
248 2617 2674
249 278 323
250 583 603
251 15 34
252 856 878
253 2577 2591
254 1528 1577
255 2186 2241
256 940 990
257 2567 2607
258 1342 1376
259 1893 1915
260 2821 2874
261 362 384
262 1064 1118
263 547 564
264 392 442
265 2493 2533
266 2536 2581
267 454 481
268 2601 2628
269 1124 1152
270 1857 1883
271 2598 2617
272 172 221
273 2528 2559
274 1332 1380
275 1828 1838
276 287 344
277 601 621
278 834 890
279 368 383
280 2770 2813
281 2973 2983
282 602 660
283 2812 2868
284 731 767
285 172 219
286 2455 2487
287 1665 1681
288 2515 2528
289 2796 2812
290 308 325
291 212 260
292 2521 2573
293 1917 1938
294 2241 2288
295 654 706
296 2668 2720
297 1379 1439
298 705 745
299 1073 1092
300 784 828
